0000000000000000000000000000000000000000000000000
0000011111111111110000000000001111111111111000000
0000011111111111110000000000001111111111111000000
0000011111111111110000000000001111111111111000000
0000000011111110000000000000000001111111000000000
0000000011111110000000000000000001111111000000000
0000000011111110000000000000000001111111000000000
0000000011111110000000000000000001111111000000000
0000000011111110000000000000000001111111000000000
0000000011111110000000000000000001111111000000000
0000000011111111111111111111111111111111000000000
0000000011111111111111111111111111111111000000000
0000000011111111111111111111111111111111000000000
0000000011111111111111111111111111111111000000000
0000000011111111111111111111111111111111000000000
0000000011111110000000000000000001111111000000000
0000000011111110000000000000000001111111000000000
0000000011111110000000000000000001111111000000000
0000000011111110000000000000000001111111000000000
0000000011111110000000000000000001111111000000000
0000000011111110000000000000000001111111000000000
0000011111111111110000000000001111111111111000000
0000011111111111110000000000001111111111111000000
0000011111111111110000000000001111111111111000000
0000000000000000000000000000000000000000000000000

